%YAML:1.0
vocabulary: !!opencv-matrix
   rows: 50
   cols: 64
   dt: f
   data: [ 0., 0., 0., 0., 0., 0., 0., 0., 0., 0., 0., 0., 0., 0., 0.,
       0., -9.84555576e-04, 1.19985193e-02, 3.09245777e-03,
       5.85387200e-02, 1.16892964e-01, -7.21422210e-03, 5.57167590e-01,
       2.47144103e-01, 0., 0., 0., 0., 0., 0., 0., 0., 3.55400555e-02,
       -3.13989222e-02, 3.55400555e-02, 3.13989222e-02, 7.07962662e-02,
       1.88724324e-03, 7.62827516e-01, 1.37879262e-02, 0., 0., 0., 0.,
       0., 0., 0., 0., 3.73315848e-02, -2.52249800e-02, 3.73315848e-02,
       2.52556093e-02, 2.01358050e-02, -5.63398190e-03, 1.22665316e-01,
       5.63398190e-03, 0., 0., 0., 0., 0., 0., 0., 0., -1.59463946e-06,
       -5.00620699e-05, 4.66621859e-05, 6.86397034e-05, 7.06086634e-04,
       -3.68148438e-04, 1.20658311e-03, 1.39759539e-03, 7.08566085e-02,
       -2.57970416e-03, 7.22580403e-02, 9.14376043e-03, -2.67611642e-04,
       7.13899180e-06, 8.40531196e-04, 3.76173091e-04, 4.90180937e-05,
       4.80526614e-05, 2.55085877e-04, 2.69766315e-04, 2.99005467e-03,
       -1.04004506e-03, 6.49753632e-03, 5.44237578e-03, 4.87937778e-01,
       -6.91936584e-03, 4.94569391e-01, 5.35351001e-02, -1.09969953e-03,
       -5.70788281e-04, 8.03632848e-03, 3.19822971e-03, 1.51942208e-04,
       8.43205780e-05, 2.79370899e-04, 2.20722053e-04, 3.25527485e-03,
       1.88928482e-03, 5.80207957e-03, 5.43089164e-03, 4.90121603e-01,
       1.10875284e-02, 4.98894364e-01, 4.68656756e-02, -3.01491097e-03,
       8.76032747e-04, 7.85420276e-03, 3.33156344e-03, 4.74113913e-05,
       3.61854647e-04, 1.12010028e-04, 4.20483557e-04, 5.54248109e-04,
       2.42416700e-03, 1.25845009e-03, 3.11769336e-03, 7.11895004e-02,
       3.05513619e-03, 7.24564567e-02, 9.29587521e-03, -3.98451812e-04,
       -3.21010230e-05, 7.80585338e-04, 4.29437641e-04, -4.94200394e-05,
       -7.07197323e-05, 1.89921004e-04, 1.73771972e-04, 5.99832041e-03,
       -2.21433933e-03, 6.79568807e-03, 4.00869409e-03, 5.25475629e-02,
       -9.05326661e-03, 6.44761547e-02, 1.19294962e-02, -9.21248738e-03,
       -2.87972554e-03, 9.54007450e-03, 3.02147935e-03, 6.20755658e-04,
       1.62351003e-03, 1.49753026e-03, 2.21194956e-03, 2.42252834e-03,
       1.37290508e-02, 1.09434212e-02, 1.71462819e-02, 2.92887300e-01,
       -9.52050462e-02, 5.26566029e-01, 1.09570600e-01, -5.69338277e-02,
       -2.00561285e-02, 5.96085787e-02, 2.08587404e-02, 8.86116177e-03,
       3.81720215e-02, 1.00288047e-02, 4.28041033e-02, 6.98949471e-02,
       3.13993454e-01, 8.05582926e-02, 3.60249311e-01, -8.02452341e-02,
       7.16957822e-02, 4.81138706e-01, 3.15033793e-01, -9.86024737e-04,
       5.39776927e-04, 4.54649003e-03, 5.05381916e-03, -6.11933123e-04,
       -8.25960364e-04, 7.56719557e-04, 1.64240820e-03, 1.54368568e-03,
       -9.69343935e-04, 3.83852725e-03, 6.26361137e-03, -5.14775626e-02,
       -2.10820418e-02, 5.29845543e-02, 2.30750889e-02, -5.23705276e-05,
       4.95886743e-05, 5.24527684e-04, 7.25951395e-04, 1.18583972e-04,
       -5.63839159e-04, 4.64454264e-04, 8.55211343e-04, 7.10503235e-02,
       -8.32989754e-04, 7.25686178e-02, 7.82229472e-03, 1.81012484e-03,
       -7.89544487e-04, 3.13234096e-03, 2.83835619e-03, -5.64909074e-04,
       4.94715176e-04, 9.99071752e-04, 8.44510738e-04, 7.03629630e-04,
       -5.76948623e-05, 3.56237846e-03, 3.36253853e-03, 4.91369069e-01,
       1.11245858e-02, 4.98460561e-01, 4.78869788e-02, 1.08141433e-02,
       -1.93704444e-03, 1.34266615e-02, 1.12144090e-02, 9.55469150e-04,
       -3.15384415e-04, 3.08494316e-03, 1.84192834e-03, 2.33339728e-04,
       1.51226018e-03, 3.27398023e-03, 5.19449590e-03, 4.86441404e-01,
       -2.77726166e-03, 4.93700981e-01, 5.53006455e-02, 7.69254565e-03,
       -5.50079625e-03, 1.16078844e-02, 1.06046274e-02, 1.51865813e-03,
       -8.26173171e-04, 1.78112974e-03, 1.42207544e-03, -6.82937534e-05,
       1.80212851e-03, 6.43287844e-04, 2.23691668e-03, 6.51300773e-02,
       1.93966588e-03, 6.65249228e-02, 9.81344935e-03, 1.25750294e-03,
       -4.73986263e-04, 1.98750314e-03, 1.50906213e-03, 1.92792475e-04,
       -3.13125638e-05, 2.45113741e-04, 2.08126337e-04, -1.38481159e-03,
       2.08779681e-03, 2.20344169e-03, 3.48140253e-03, -4.38405722e-02,
       6.36139438e-02, 4.49504405e-02, 6.58374280e-02, -3.03447782e-03,
       2.09150976e-03, 6.09527295e-03, 6.39353041e-03, -5.30705656e-05,
       -2.37428176e-05, 4.43335623e-04, 4.68951708e-04, 2.01465562e-03,
       -4.89989854e-02, 6.06942596e-03, 5.25352433e-02, 1.83027219e-02,
       -3.32051814e-01, 7.92040527e-02, 4.27795082e-01, -2.86509506e-02,
       1.17708735e-01, 3.78166378e-01, 4.54016149e-01, -2.38210354e-02,
       3.12022902e-02, 2.53799539e-02, 3.39439735e-02, -9.66466323e-04,
       7.49394705e-04, 1.76896201e-03, 1.30988238e-03, 1.78217683e-02,
       5.75244892e-03, 2.61279866e-02, 1.55432131e-02, 3.69674891e-01,
       2.34231204e-02, 3.99726927e-01, 3.27688530e-02, -3.21785212e-02,
       2.50266623e-02, 3.82231325e-02, 3.59310582e-02, 7.74029540e-05,
       -2.26036384e-04, 1.97072615e-04, 2.96061160e-04, -2.92964869e-05,
       -1.09133939e-03, 1.36300095e-03, 1.28224853e-03, 5.81545569e-02,
       4.49837046e-03, 6.58718348e-02, 7.36168073e-03, -8.73043947e-03,
       -5.53292036e-03, 9.24688112e-03, 5.74093545e-03, -1.45753249e-04,
       -6.65863510e-04, 1.46869177e-04, 6.85710635e-04, 4.63094609e-03,
       -4.64579090e-03, 5.42530604e-03, 4.76458715e-03, 6.64748475e-02,
       -8.85012373e-03, 6.64748475e-02, 8.93487874e-03, 0., 0., 0., 0.,
       -1.50275487e-03, 2.37728003e-04, 1.56520586e-03, 2.42065915e-04,
       1.51434878e-03, 3.59427155e-04, 1.77212514e-03, 1.67678087e-03,
       4.67485160e-01, -6.99512139e-02, 4.67485160e-01, 7.04559833e-02,
       6.19636739e-06, 8.48137120e-07, 6.19636739e-06, 6.19636739e-06,
       6.48110174e-03, 5.32893799e-02, 1.01027563e-02, 5.32893799e-02,
       6.45294711e-02, 4.24775541e-01, 6.60782382e-02, 4.24921125e-01,
       1.98849916e-01, 1.99167520e-01, 1.98991552e-01, 2.19349891e-01,
       0., 0., 0., 0., -3.28206443e-06, 8.70416807e-06, 5.87398108e-06,
       8.70416807e-06, 9.90414537e-06, 2.26927623e-05, 1.52853827e-05,
       2.26927623e-05, 0., 0., 0., 0., 0., 0., 0., 0., 1.21312717e-03,
       -1.38485490e-03, 1.71314552e-03, 4.73682769e-03, -7.54256733e-03,
       7.73623399e-03, 3.75960767e-02, 1.52185597e-02, 7.10392930e-03,
       3.64783756e-03, 4.39989977e-02, 1.21828243e-02, 4.01587255e-04,
       4.42756718e-04, 4.01587255e-04, 4.42756718e-04, -3.10519733e-03,
       4.45698184e-04, 8.46214406e-03, 4.34565656e-02, 2.36456260e-01,
       1.21487282e-01, 3.52350026e-01, 2.97505289e-01, -1.94833860e-01,
       1.37769088e-01, 3.37091833e-01, 2.07973614e-01, 1.40562130e-03,
       -2.99490732e-03, 4.65683453e-03, 1.39363864e-02, 2.17904593e-03,
       -5.78667223e-03, 2.97257025e-03, 1.08478796e-02, 1.95354775e-01,
       -2.17622668e-01, 2.26458579e-01, 2.74313062e-01, -4.45798226e-02,
       -1.31542727e-01, 4.02605683e-01, 3.08742523e-01, -7.94775784e-03,
       9.00707557e-04, 1.62049811e-02, 5.45564182e-02, 7.04438135e-04,
       -6.05573761e-04, 1.05964823e-03, 3.23088095e-03, 1.98302437e-02,
       2.22843606e-03, 3.55536044e-02, 2.49613505e-02, -6.66798372e-03,
       -9.98605974e-03, 3.97646874e-02, 2.03589723e-02, -3.20136431e-03,
       2.97663361e-03, 3.98247363e-03, 3.15183424e-03, 6.13444950e-04,
       -1.56625756e-05, 7.21643853e-04, 8.16691085e-04, 6.22979626e-02,
       6.64796913e-04, 6.80203289e-02, 3.73830227e-03, -6.17406610e-03,
       3.55111528e-03, 6.43779989e-03, 3.68469488e-03, -9.20289836e-04,
       3.88195796e-04, 9.24861059e-04, 4.22541838e-04, 4.48590610e-03,
       -1.27474940e-03, 4.56558913e-03, 2.43351120e-03, 4.54790205e-01,
       -8.18602042e-04, 5.01479387e-01, 2.04661619e-02, -4.03607376e-02,
       1.15704220e-02, 4.07930166e-02, 1.46859204e-02, -6.33855304e-03,
       1.44389062e-03, 6.33855304e-03, 1.96289178e-03, 5.50176762e-03,
